AUC_recovered_pmillion	pop_density	pop_urban
14662.7166732923	301	18.6
23604.90228317	331	35.5
31670.6254948535	96	74.1
35071.0633177921	205	32.9
23290.1865835303	106	78.3
17370.505789153	370	88.7
33975.6820824358	284	52.9
39917.0410375438	668	31.2
23238.8715735355	414	56.9
21222.756884884	273	55.4
54923.0046564823	223	26.2
12534.5572068702	273	52.4
28441.9750636637	202	52.4
36161.1128136117		
252011.305059978	1246	97.4
272200.243457091	274	97.2
56981.9082441325		
39642.922532346	39	86.1
270883.850004572	225	84.5
89234.9811457203	41	89.3
180310.211115898	593	46.3
