Lievrerep[1]	1	27000
Lievrerep[2]	27001	54000
Lievrerep[3]	54001	81000
Lievrerep[4]	81001	108000
Lievrerep[5]	108001	135000
Lievrerep[6]	135001	162000
Lievrerep[7]	162001	189000
Lievrerep[8]	189001	216000
Lievrerep[9]	216001	243000
Lievrerep[10]	243001	270000
Lievrerep[11]	270001	297000
Lievrerep[12]	297001	324000
Lievrerep[13]	324001	351000
Lievrerep[14]	351001	378000
Lievrerep[15]	378001	405000
Lievrerep[16]	405001	432000
Lievrerep[17]	432001	459000
Lievrerep[18]	459001	486000
Lievrerep[19]	486001	513000
Lievrerep[20]	513001	540000
Lynxrep[1]	540001	567000
Lynxrep[2]	567001	594000
Lynxrep[3]	594001	621000
Lynxrep[4]	621001	648000
Lynxrep[5]	648001	675000
Lynxrep[6]	675001	702000
Lynxrep[7]	702001	729000
Lynxrep[8]	729001	756000
Lynxrep[9]	756001	783000
Lynxrep[10]	783001	810000
Lynxrep[11]	810001	837000
Lynxrep[12]	837001	864000
Lynxrep[13]	864001	891000
Lynxrep[14]	891001	918000
Lynxrep[15]	918001	945000
Lynxrep[16]	945001	972000
Lynxrep[17]	972001	999000
Lynxrep[18]	999001	1026000
Lynxrep[19]	1026001	1053000
Lynxrep[20]	1053001	1080000
VALinits[1]	1080001	1107000
VALinits[2]	1107001	1134000
alpha	1134001	1161000
beta	1161001	1188000
delta	1188001	1215000
deviance	1215001	1242000
fitLievre	1242001	1269000
fitLievrerep	1269001	1296000
fitLynx	1296001	1323000
fitLynxrep	1323001	1350000
gamma	1350001	1377000
solution[1,1]	1377001	1404000
solution[1,2]	1404001	1431000
solution[2,1]	1431001	1458000
solution[2,2]	1458001	1485000
solution[3,1]	1485001	1512000
solution[3,2]	1512001	1539000
solution[4,1]	1539001	1566000
solution[4,2]	1566001	1593000
solution[5,1]	1593001	1620000
solution[5,2]	1620001	1647000
solution[6,1]	1647001	1674000
solution[6,2]	1674001	1701000
solution[7,1]	1701001	1728000
solution[7,2]	1728001	1755000
solution[8,1]	1755001	1782000
solution[8,2]	1782001	1809000
solution[9,1]	1809001	1836000
solution[9,2]	1836001	1863000
solution[10,1]	1863001	1890000
solution[10,2]	1890001	1917000
solution[11,1]	1917001	1944000
solution[11,2]	1944001	1971000
solution[12,1]	1971001	1998000
solution[12,2]	1998001	2025000
solution[13,1]	2025001	2052000
solution[13,2]	2052001	2079000
solution[14,1]	2079001	2106000
solution[14,2]	2106001	2133000
solution[15,1]	2133001	2160000
solution[15,2]	2160001	2187000
solution[16,1]	2187001	2214000
solution[16,2]	2214001	2241000
solution[17,1]	2241001	2268000
solution[17,2]	2268001	2295000
solution[18,1]	2295001	2322000
solution[18,2]	2322001	2349000
solution[19,1]	2349001	2376000
solution[19,2]	2376001	2403000
solution[20,1]	2403001	2430000
solution[20,2]	2430001	2457000
