DÉVELOPPEMENT_HUMAIN_TRÈS_ÉLEVÉ
1 Norvège 0.954 0.889 6.8 0 0.990 1 0.044 5 NA NA NA 
2 Suisse 0.946 0.882 6.8 –1 0.963 2 0.037 1 NA NA NA 
3 Irlande 0.942 0.865 8.2 –6 0.975 2 0.093 22 NA NA NA 
4 Allemagne 0.939 0.861 8.3 –7 0.968 2 0.084 19 NA NA NA 
4 Hong_Kong 0.939 0.815 13.2 –17 0.963 2 NA NA NA NA NA 
6 Australie 0.938 0.862 8.1 –4 0.975 1 0.103 25 NA NA NA 
6 Islande 0.938 0.885 5.7 4 0.966 2 0.057 9 NA NA NA 
8 Suède 0.937 0.874 6.7 2 0.982 1 0.040 2 NA NA NA 
9 Singapour 0.935 0.810 13.3 –14 0.988 1 0.065 11 NA NA NA 
10 Pays-Bas 0.933 0.870 6.8 2 0.967 2 0.041 4 NA NA NA 
11 Danemark 0.930 0.873 6.1 4 0.980 1 0.040 2 NA NA NA 
12 Finlande 0.925 0.876 5.3 7 0.990 1 0.050 7 NA NA NA 
13 Canada 0.922 0.841 8.8 –4 0.989 1 0.083 18 NA NA NA 
14 Nouvelle-Zélande 0.921 0.836 9.2 –4 0.963 2 0.133 34 NA NA NA 
15 Royaume-Uni 0.920 0.845 8.2 0 0.967 2 0.119 27 NA NA NA 
15 États-Unis 0.920 0.920 0.797 –13 0.991 1 0.182 42 NA NA NA 
17 Belgique 0.919 0.849 7.6 3 0.972 2 0.045 6 NA NA NA 
18 Liechtenstein 0.917 NA NA NA NA NA NA NA NA NA 
19 Japon 0.915 0.882 3.6 15 0.976 1 0.099 23 NA NA NA 
20 Autriche 0.914 0.843 7.7 3 0.963 2 0.073 14 NA NA NA 
21 Luxembourg 0.909 0.822 9.5 1 0.970 2 0.078 16 NA NA NA 
22 Israël 0.906 0.809 10.8 –3 0.972 2 0.100 24 NA NA NA 
22 Corée_(République_de) 0.906 0.777 14.3 –9 0.934 3 0.058 10 NA NA NA 
24 Slovénie 0.902 0.858 4.8 11 1.003 1 0.069 12 NA NA NA 
25 Espagne 0.893 0.765 14.3 –13 0.981 1 0.074 15 NA NA NA 
26 Tchéquie 0.891 0.850 4.6 12 0.983 1 0.137 35 NA NA NA 
26 France 0.891 0.809 9.2 1 0.984 1 0.051 8 NA NA NA 
28 Malte 0.885 0.815 8.0 6 0.965 2 0.195 44 NA NA NA 
29 Italie 0.883 0.776 12.1 –4 0.967 2 0.069 12 NA NA NA 
30 Estonie 0.882 0.818 7.2 9 1.016 1 0.091 21 NA NA NA 
31 Chypre 0.873 0.788 9.7 1 0.983 1 0.086 20 NA NA NA 
32 Grèce 0.872 0.766 12.2 –5 0.963 2 0.122 31 NA NA NA 
32 Pologne 0.872 0.801 8.1 4 1.009 1 0.120 30 NA NA NA 
34 Lituanie 0.869 0.775 10.9 –1 1.028 2 0.124 33 NA NA NA 
35 Émirats_arabes_unis 0.866 NA NA 0.965 2 0.113 26 NA NA NA 
36 Andorre 0.857 NA NA NA NA NA NA NA NA NA 
36 Arabie_saoudite 0.857 NA NA 0.879 5 0.224 49 NA NA NA 
36 Slovaquie 0.857 0.804 6.2 8 0.992 1 0.190 43 NA NA NA 
39 Lettonie 0.854 0.776 9.1 3 1.030 2 0.169 40 NA NA NA 
40 Portugal 0.850 0.742 12.7 –6 0.984 1 0.081 17 NA NA NA 
41 Qatar 0.848 NA NA 1.043 2 0.202 45 NA NA NA 
42 Chili 0.847 0.696 17.8 –14 0.962 2 0.288 62 NA NA NA 
43 Brunéi_Darussalam 0.845 NA NA 0.987 1 0.234 51 NA NA NA 
43 Hongrie 0.845 0.777 8.0 8 0.984 1 0.258 56 NA NA NA 
45 Bahreïn 0.838 NA NA 0.937 3 0.207 47 NA NA NA 
46 Croatie 0.837 0.768 8.3 4 0.989 1 0.122 31 NA NA NA 
47 Oman 0.834 0.725 13.1 –3 0.943 3 0.304 65 NA NA NA 
48 Argentine 0.830 0.714 14.0 –4 0.988 1 0.354 77 NA NA NA 
49 Fédération_de_Russie 0.824 0.743 9.9 1 1.015 1 0.255 54 NA NA NA 
50 Bélarus 0.817 0.765 6.4 6 1.010 1 0.119 27 NA NA NA 
50 Kazakhstan 0.817 0.759 7.1 4 0.999 1 0.203 46 0.002f 0.5f 35.6f 2015M 
52 Bulgarie 0.816 0.714 12.5 0 0.993 1 0.218 48 NA NA NA 
52 Monténégro 0.816 0.746 8.6 5 0.966 2 0.119 27 0.002f 0.4f 45.7f 2013M 
52 Roumanie 0.816 0.725 11.1 2 0.986 1 0.316 69 NA NA NA 
55 Palaos 0.814 NA NA NA NA NA NA NA NA NA 
56 Barbade 0.813 0.675 17.0 –10 1.010 1 0.256 55 0.009g 2.5g 34.2g 2012M 
57 Koweït 0.808 NA NA 0.999 1 0.245 53 NA NA NA 
57 Uruguay 0.808 0.703 13.0 0 1.016 1 0.275 59 NA NA NA 
59 Turquie 0.806 0.675 16.2 8. 0.924 4 0.305 66 NA NA NA 
60 Bahamas 0.805 NA NA NA NA 0.353 76 NA NA NA 
61 Malaisie 0.804 NA NA 0.972 2 0.274 58 NA NA NA 
62 Seychelles 0.801 NA NA NA NA NA NA NA NA NA 

DÉVELOPPEMENT_HUMAIN_ÉLEVÉ
63 Serbie 0.799 0.685 14.4 –4 0.976 1 0.161 37 0.001f 0.3f 42.5f 2014M 
63 Trinité-et-Tobago 0.799 NA NA 1.002 1 0.323 72 0.002f 0.6f 38f 2011M 
65 Iran 0.797 0.706 11.5 5 0.874 5 0.492 118 NA NA NA 
66 Maurice 0.796 0.688 13.7 0 0.974 2 0.369 82 NA NA NA 
67 Panama 0.795 0.626 21.2 –13 1.005 1 0.460 108 NA NA NA 
68 Costa_Rica 0.794 0.645 18.7 –7 0.977 1 0.285 61 NA NA NA 
69 Albanie 0.791 0.705 10.9 8 0.971 2 0.234 51 0.003 0.7 39.1 2017/2018D 
70 Géorgie 0.786 0.692 12.0 5 0.979 1 0.351 75 NA NA NA 
71 Sri_Lanka 0.780 0.686 12.1 4 0.938 3 0.380 86 NA NA NA 
72 Cuba 0.778 NA NA 0.948 3 0.312 67 NA NA NA 
73 Saint-Kitts-et-Nevis 0.777 NA NA NA NA NA NA NA NA NA 
74 Antigua-et-Barbuda 0.776 NA NA NA NA NA NA NA NA NA 
75 Bosnie-Herzégovine 0.769 0.658 14.4 –2 0.924 4 0.162 38 0.008g 2.2g 37.9g 2011/2012M 
76 Mexique 0.767 0.595 22.5 –17 0.957 2 0.334 74 0.025g 6.3g 39.2g 2016N 
77 Thaïlande 0.765 0.635 16.9 –4 0.995 1 0.377 84 0.003f 0.8f 39.1f 2015/2016M 
78 Grenade 0.763 NA NA NA NA NA NA NA NA NA 
79 Brésil 0.761 0.574 24.5 –23 0.995 1 0.386 89 0.016f.i.j 3.8f.i.j 42.5f.i.j 2015N 
79 Colombie 0.761 0.585 23.1 –16 0.986 1 0.411 94 0.020i 4.8i 40.6i 2015/2016D 
81 Arménie 0.760 0.685 9.9 9 0.972 2 0.259 57 0.001 0.2 36.2 2015/2016D 
82 Algérie 0.759 0.604 20.4 –8 0.865 5 0.443 100 0.008 2.1 38.8 2012/2013M 
82 Macédoine_du_Nord 0.759 0.660 13.1 5 0.947 3 0.145 36 0.010g 2.5g 37.7g 2011M 
82 Pérou 0.759 0.612 19.4 –5 0.951 2 0.381 87 0.053 12.7 41.6 2012 D 
85 Chine 0.758 0.636 16.1 4 0.961 2 0.163 39 0.016 k.l 3.9 k.l 41.3 k.l 2014N 
85 Équateur 0.758 0.607 19.9 –4 0.980 1 0.389 90 0.018f 4.5f 40.0f 2013/2014N 
87 Azerbaïdjan 0.754 0.683 9.4 13 0.940 3 0.321 70 NA NA NA 
88 Ukraine 0.750 0.701 6.5 21 0.995 1 0.284 60 0.001i 0.2i 34.5i 2012M 
89 République_dominicaine 0.745 0.584 21.5 –8 1.003 1 0.453 104 0.015i 3.9i 38.9i 2014M 
89 Sainte-Lucie 0.745 0.617 17.2 4 0.975 2 0.333 73 0.007g 1.9g 37.5g 2012M 
91 Tunisie 0.739 0.585 20.8 –4 0.899 5 0.300 63 0.005 1.3 39.7 2011/2012M 
92 Mongolie 0.735 0.635 13.6 10 1.031 2 0.322 71 0.042 10.2 41.7 2013 M 
93 Liban 0.730 NA NA 0.891 5 0.362 79 NA NA NA 
94 Botswana 0.728 NA NA 0.990 1 0.464 111 NA NA NA 
94 Saint-Vincent-et-les-Grenadines 0.728 NA NA NA NA NA NA NA NA NA 
96 Jamaïque 0.726 0.604 16.7 3 0.986 1 0.405 93 0.018g 4.7g 38.7g 2014N 
96 Venezuela 0.726 0.600 17.3 1 1.013 1 0.458 106 NA NA NA 
98 Dominique 0.724 NA NA NA NA NA NA NA NA NA 
98 Fidji 0.724 NA NA NA NA 0.357 78 NA NA NA 
98 Paraguay 0.724 0.545 24.7 –14 0.968 2 0.482 117 0.019 4.5 41.9 2016M 
98 Suriname 0.724 0.557 22.7 –9 0.972 2 0.465 112 0.041g 9.4g 43.4g 2010M 
102 Jordanie 0.723 0.617 14.7 11 0.868 5 0.469 113 0.002 0.4 35.4 2017/2018D 
103 Belize 0.720 0.558 22.6 –8 0.983 1 0.391 91 0.017 4.3 39.8 2015/2016M 
104 Maldives 0.719 0.568 21.0 –5 0.939 3 0.367 81 0.003 0.8 34.4 2016/2017D 
105 Tonga 0.717 NA NA 0.944 3 0.418 96 NA NA NA 
106 Philippines 0.712 0.582 18.2 1 1.004 1 0.425 98 0.024i 5.8i 41.8i 2017D 
107 Moldova 0.711 0.638 10.4 21 1.007 1 0.228 50 0.004 0.9 37.4 2012M 
108 Turkménistan 0.710 0.579 18.5 1 NA NA NA NA 0.001 0.4 36.1 2015/2016M 
108 Ouzbékistan 0.710 NA NA 0.939 3 0.303 64 NA NA NA 
110 Libye 0.708 NA NA 0.931 3 0.172 41 0.007 2.0 37.1 2014P 
111 Indonésie 0.707 0.584 17.4 6 0.937 3 0.451 103 0.028i 7.0i 40.3i 2012D 
111 Samoa 0.707 NA NA NA NA 0.364 80 NA NA NA 
113 Afrique_du_Sud 0.705 0.463 34.4 –17 0.984 1 0.422 97 0.025 6.3 39.8 2016D 
114 Bolivie 0.703 0.533 24.2 –6 0.936 3 0.446 101 0.094 20.4 46.0 2008D 
115 Gabon 0.702 0.544 22.5 –4 0.917 4 0.534 128 0.066 14.8 44.3 2012D 
116 Égypte 0.700 0.492 29.7 –8 0.878 5 0.450 102 0.019 n 5.2 n 37.6 n 2014D
117 Îles_Marshall 0.698 NA NA NA NA NA NA NA NA NA 
118 Vietnam 0.693 0.580 16.3 8 1.003 1 0.314 68 0.019i 4.9i 39.5i 2013/2014M 
119 Palestine_(État_de) 0.690 0.597 13.5 16 0.871 5 NA NA 0.004 1.0 37.5 2014M 
120 Iraq 0.689 0.552 19.8 3 0.789 5 0.540 131 0.033 8.6 37.9 2018M 
121 Maroc 0.676 NA NA 0.833 5 0.492 118 0.085f 18.6f 45.7f 2011 P 
122 Kirghizistan 0.674 0.610 9.5 23 0.959 2 0.381 87 0.008 2.3 36.3 2014M 
123 Guyana 0.670 0.546 18.5 4 0.973 2 0.492 118 0.014 3.4 41.8 2014M 
124 El_Salvador 0.667 0.521 21.9 1 0.969 2 0.397 92 0.032 7.9 41.3 2014M 
125 Tadjikistan 0.656 0.574 12.5 12 0.799 5 0.377 84 0.029 7.4 39.0 2017D 
126 Cabo_Verde 0.651 NA NA 0.984 1 0.372 83 NA NA NA 
126 Guatemala 0.651 0.472 27.4 –2 0.943 3 0.492 118 0.134 28.9 46.2 2014/2015D 
126 Nicaragua 0.651 0.501 23.0 1 1.013 1 0.455 105 0.074 16.3 45.2 2011/2012D 
129 Inde 0.647 0.477 26.3 1 0.829 5 0.501 122 0.123 27.9 43.9 2015/2016D 
130 Namibie 0.645 0.417 35.3 –14 1.009 1 0.460 108 0.171 38.0 45.1 2013D 
131 Timor-Leste 0.626 0.450 28.0 –5 0.899 5 NA NA 0.210 45.8 45.7 2016D 
132 Honduras 0.623 0.464 25.5 0 0.970 2 0.479 116 0.090o 19.3o 46.4o 2011/2012D 
132 Kiribati 0.623 NA NA NA NA NA NA NA NA NA 
134 Bhoutan 0.617 0.450 27.1 –3 0.893 5 0.436 99 0.175f 37.3f 46.8f 2010M 
135 Bangladesh 0.614 0.465 24.3 4 0.895 5 0.536 129 0.198 41.7 47.5 2014D 
135 Micronésie_(États_fédéraux_de) 0.614 NA NA NA NA NA NA NA NA NA 
137 Sao_Tomé-et-Principe 0.609 0.507 16.7 10 0.900 5 0.547 136 0.092 22.1 41.7 2014M 
138 Congo 0.608 0.456 25.0 2 0.931 3 0.579 145 0.112 24.3 46.0 2014/2015M 
138 Eswatini 0.608 0.430 29.3 –4 0.962 2 0.579 145 0.081 19.2 42.3 2014M 
140 Laos 0.604 0.454 24.9 3 0.929 3 0.463 110 0.108 23.1 47.0 2017M 
141 Vanuatu 0.597 NA NA NA NA NA NA 0.174f 38.8f 44.9f 2007M 
142 Ghana 0.596 0.427 28.3 –3 0.912 4 0.541 133 0.138 30.1 45.8 2014D 
143 Zambie 0.591 0.394 33.4 –6 0.949 3 0.540 131 0.261 53.2 49.1 2013/2014D 
144 Guinée_équatoriale 0.588 NA NA NA NA NA NA NA NA NA 
145 Myanmar 0.584 0.448 23.2 3 0.953 2 0.458 106 0.176 38.3 45.9 2015/2016D 
146 Cambodge 0.581 0.465 20.1 12 0.919 4 0.474 114 0.170 37.2 45.8 2014D 
147 Kenya 0.579 0.426 26.3 0 0.933 3 0.545 134 0.178 38.7 46.0 2014D 
147 Népal 0.579 0.430 25.8 3 0.897 5 0.476 115 0.148 34.0 43.6 2016D 
149 Angola 0.574 0.392 31.8 –2 0.902 4 0.578 144 0.282 51.1 55.3 2015/2016D 
150 Cameroun 0.563 0.371 34.1 –6 0.869 5 0.566 140 0.243 45.3 53.5 2014M 
150 Zimbabwe 0.563 0.435 22.8 7 0.925 4 0.525 126 0.137 31.8 42.9 2015D 
152 Pakistan 0.560 0.386 31.1 –1 0.747 5 0.547 136 0.198 38.3 51.7 2017/2018D 
153 Îles_Salomon 0.557 NA NA NA NA NA NA NA NA NA 

DÉVELOPPEMENT_HUMAIN_FAIBLE 
154 Syrie 0.549 NA NA 0.795 5 0.547 136 0.029f 7.4f 38.9f 2009P 
155 Papouasie-Nouvelle-Guinée 0.543 NA NA NA NA 0.740 161 NA NA NA 
156 Comores 0.538 0.294 45.3 –22 0.888 5 NA NA 0.181 37.3 48.5 2012D 
157 Rwanda 0.536 0.382 28.7 –1 0.943 3 0.412 95 0.259 54.4 47.5 2014/2015D 
158 Nigéria 0.534 0.349 34.6 –5 0.868 5 NA NA 0.291 51.4 56.6 2016/2017M 
159 Tanzanie 0.528 0.397 24.9 7 0.936 3 0.539 130 0.273 55.4 49.3 2015/2016D 
159 Ouganda 0.528 0.387 26.7 4 0.863 5 0.531 127 0.269 55.1 48.8 2016D 
161 Mauritanie 0.527 0.358 32.1 1 0.853 5 0.620 150 0.261 50.6 51.5 2015M 
162 Madagascar 0.521 0.386 25.8 6 0.946 3 NA NA 0.453 77.8 58.2 2008/2009D 
163 Bénin 0.520 0.327 37.1 –6 0.883 5 0.613 148 0.368 66.8 55.0 2017/2018D 
164 Lesotho 0.518 0.350 32.5 3 1.026 2 0.546 135 0.146 33.6 43.4 2014D 
165 Côte_d’Ivoire 0.516 0.331 35.8 –3 0.796 5 0.657 157 0.236 46.1 51.2 2016M 
166 Sénégal 0.514 0.347 32.5 2 0.873 5 0.523 125 0.288 53.2 54.2 2017D 
167 Togo 0.513 0.350 31.7 6 0.818 5 0.566 140 0.249 48.2 51.6 2013/2014D 
168 Soudan 0.507 0.332 34.6 1 0.837 5 0.560 139 0.279 52.3 53.4 2014M 
169 Haïti 0.503 0.299 40.5 –7 0.890 5 0.620 150 0.200 41.3 48.4 2016/2017D 
170 Afghanistan 0.496 NA NA 0.723 5 0.575 143 0.272i 55.9i 48.6i 2015/2016D 
171 Djibouti 0.495 NA NA NA NA NA NA NA NA NA 
172 Malawi 0.485 0.346 28.7 5 0.930 3 0.615 149 0.243 52.6 46.2 2015/2016D 
173 Éthiopie 0.470 0.337 28.4 5 0.844 5 0.508 123 0.489 83.5 58.5 2016D
174 Gambie 0.466 0.293 37.2 –8 0.832 5 0.620 150 0.286 55.2 51.7 2013D 
174 Guinée 0.466 0.310 33.4 –1 0.806 5 NA NA 0.336 61.9 54.3 2016M 
176 Libéria 0.465 0.314 32.3 2 0.899 5 0.651 155 0.320 62.9 50.8 2013D 
177 Yémen 0.463 0.316 31.8 5 0.458 5 0.834 162 0.241 47.7 50.5 2013D 
178 Guinée-Bissau 0.461 0.288 37.5 –5 NA NA NA NA 0.372 67.3 55.3 2014M 
179 Congo_(République_démocratique_du) 0.459 0.316 31.0 7 0.844 5 0.655 156 0.389 74.0 52.5 2013/2014D 
180 Mozambique 0.446 0.309 30.7 4 0.901 4 0.569 142 0.411 72.5 56.7 2011D 
181 Sierra_Leone 0.438 0.282 35.7 –3 0.882 5 0.644 153 0.297 57.9 51.2 2017M 
182 Burkina_Faso 0.434 0.303 30.1 5 0.875 5 0.612 147 0.519 83.8 61.9 2010D 
182 Érythrée 0.434 NA NA NA NA NA NA NA NA NA 
184 Mali 0.427 0.294 31.2 3 0.807 5 0.676 158 0.457 78.1 58.5 2015M 
185 Burundi 0.423 0.296 30.1 5 1.003 1 0.520 124 0.403 74.3 54.3 2016/2017D 
186 Soudan_du_Sud 0.413 0.264 36.1 –1 0.839 5 NA NA 0.58 0 91.9 63.2 2010M 
187 Tchad 0.401 0.250 37.7 –1 0.774 5 0.701 160 0.533 85.7 62.3 2014/2015D 
188 République_centrafricaine 0.381 0.222 41.6 –1 0.795 5 0.682 159 0.465f 79.4f 58.6f 2010M 
189 Niger 0.377 0.272 27.9 3 0.298 5 0.647 154 0.590 90.5 65.2 2012D 

AUTRES_PAYS_OU_TERRITOIRES
Corée_(République_populaire_démocratique_de) NA NA NA NA NA NA NA NA NA NA NA NA NA
Monaco NA NA NA NA NA NA NA NA NA NA NA NA 
Nauru NA NA NA NA NA NA NA NA NA NA NA NA 
Saint-Marin NA NA NA NA NA NA NA NA NA NA NA NA 
Somalie NA NA NA NA NA NA NA NA NA NA NA NA 
Tuvalu NA NA NA NA NA NA NA NA NA NA NA 

Groupes_de_développement_humain
Développement_humain_très_élevé 0.892 0.796 10.7 — 0.979 — 0.175 — NA NA NA — 
Développement_humain_élevé 0.750 0.615 17.9 — 0.960 — 0.331 — 0.018 4.5 40.9 — 
Développement_humain_moyen 0.634 0.470 25.9 — 0.845 — 0.501 — 0.135 29.4 45.9 — 
Développement_humain_faible 0.507 0.349 31.1 — 0.858 — 0.590 — 0.344 62.3 55.2 — 
Pays_en_développement 0.686 0.533 22.3 — 0.918 — 0.466 — 0.114 23.1 49.4 — 

Régions
Afrique_subsaharienne 0.541 0.376 30.5 — 0.891 — 0.573 — 0.315 57.5 54.9 — 
Amérique_latine_et_Caraïbes 0.759 0.589 22.3 — 0.978 — 0.383 — 0.033 7.5 43.1 — 
Asie_de_l’Est_et_Pacifique 0.741 0.618 16.6 — 0.962 — 0.310 — 0.024 5.6 42.3 — 
Asie_du_Sud 0.642 0.476 25.9 — 0.828 — 0.510 — 0.142 31.0 45.6 — 
États_arabes 0.703 0.531 24.5 — 0.856 — 0.531 — 0.076 15.7 48.4 — 
Europe_et_Asie_centrale 0.779 0.688 11.7 — 0.953 — 0.276 — 0.004 1.1 37.9 — 

Pays_les_moins_avancés 0.528 0.377 28.6 — 0.869 — 0.561 — 0.315 59.0 53.4 — 

Petits_États_insulaires_en_développement 0.723 0.549 24.0 — 0.967 — 0.453 — NA NA NA — 

OCDE 0.895 0.791 11.7 — 0.976 — 0.182 — NA NA NA — 
Monde 0.731 0.584 20.2 — 0.941 — 0.439 — 0.114 23.1 49.4
