Lievrerep[1]	1	2000
Lievrerep[2]	2001	4000
Lievrerep[3]	4001	6000
Lievrerep[4]	6001	8000
Lievrerep[5]	8001	10000
Lievrerep[6]	10001	12000
Lievrerep[7]	12001	14000
Lievrerep[8]	14001	16000
Lievrerep[9]	16001	18000
Lievrerep[10]	18001	20000
Lievrerep[11]	20001	22000
Lievrerep[12]	22001	24000
Lievrerep[13]	24001	26000
Lievrerep[14]	26001	28000
Lievrerep[15]	28001	30000
Lievrerep[16]	30001	32000
Lievrerep[17]	32001	34000
Lievrerep[18]	34001	36000
Lievrerep[19]	36001	38000
Lievrerep[20]	38001	40000
Lynxrep[1]	40001	42000
Lynxrep[2]	42001	44000
Lynxrep[3]	44001	46000
Lynxrep[4]	46001	48000
Lynxrep[5]	48001	50000
Lynxrep[6]	50001	52000
Lynxrep[7]	52001	54000
Lynxrep[8]	54001	56000
Lynxrep[9]	56001	58000
Lynxrep[10]	58001	60000
Lynxrep[11]	60001	62000
Lynxrep[12]	62001	64000
Lynxrep[13]	64001	66000
Lynxrep[14]	66001	68000
Lynxrep[15]	68001	70000
Lynxrep[16]	70001	72000
Lynxrep[17]	72001	74000
Lynxrep[18]	74001	76000
Lynxrep[19]	76001	78000
Lynxrep[20]	78001	80000
VALinits[1]	80001	82000
VALinits[2]	82001	84000
alpha	84001	86000
beta	86001	88000
delta	88001	90000
deviance	90001	92000
fitLievre	92001	94000
fitLievrerep	94001	96000
fitLynx	96001	98000
fitLynxrep	98001	100000
gamma	100001	102000
sigLievre	102001	104000
sigLynx	104001	106000
solution[1,1]	106001	108000
solution[1,2]	108001	110000
solution[2,1]	110001	112000
solution[2,2]	112001	114000
solution[3,1]	114001	116000
solution[3,2]	116001	118000
solution[4,1]	118001	120000
solution[4,2]	120001	122000
solution[5,1]	122001	124000
solution[5,2]	124001	126000
solution[6,1]	126001	128000
solution[6,2]	128001	130000
solution[7,1]	130001	132000
solution[7,2]	132001	134000
solution[8,1]	134001	136000
solution[8,2]	136001	138000
solution[9,1]	138001	140000
solution[9,2]	140001	142000
solution[10,1]	142001	144000
solution[10,2]	144001	146000
solution[11,1]	146001	148000
solution[11,2]	148001	150000
solution[12,1]	150001	152000
solution[12,2]	152001	154000
solution[13,1]	154001	156000
solution[13,2]	156001	158000
solution[14,1]	158001	160000
solution[14,2]	160001	162000
solution[15,1]	162001	164000
solution[15,2]	164001	166000
solution[16,1]	166001	168000
solution[16,2]	168001	170000
solution[17,1]	170001	172000
solution[17,2]	172001	174000
solution[18,1]	174001	176000
solution[18,2]	176001	178000
solution[19,1]	178001	180000
solution[19,2]	180001	182000
solution[20,1]	182001	184000
solution[20,2]	184001	186000
